22
0	5.882329471	5.421475814	3.348193543	10.96685917	8.258044563	7.312215806	0.720277724	11.70822361	7.931065502	25.7208573	5.294997639	5.070798754	5.300509409	6.691225598	1.412090649	3.942854296	3.358407361	7.194616043	6.60916031	6.546220283	2.242431716
5.882329471	0	1.291897829	4.48742688	16.75590045	14.10396044	13.09061114	6.06684432	17.13061879	13.19734822	31.55360043	11.07476411	10.89295185	11.17157106	12.51380438	6.59334513	2.322606295	4.693921601	12.61004758	12.02404258	11.94681548	4.109513353
5.421475814	1.291897829	0	4.83011387	16.38825189	13.46836664	12.39611633	5.749434755	16.23383196	12.28515364	30.85694897	10.40212478	10.25714385	10.59834893	12.11217982	5.883672323	2.65	5.036198964	11.75061275	11.1723677	11.09162747	4.069115383
3.348193543	4.48742688	4.83011387	0	12.88350884	11.00703866	10.2403955	2.961418579	14.87485462	11.20325845	28.33057183	8.290006031	7.996561761	8.04767047	8.833623266	4.720550815	2.21054292	0.20808652	10.42472542	9.850167511	9.794090055	1.424675402
10.96685917	16.75590045	16.38825189	12.88350884	0	4.401011247	5.568527633	10.69259557	7.882645495	8.089264491	15.96316071	6.779985251	6.704103221	6.138224499	4.281179744	10.76730235	14.56861352	12.73042419	7.590948557	7.74303558	7.815894063	12.69679093
8.258044563	14.10396044	13.46836664	11.00703866	4.401011247	0	1.259364919	8.250096969	4.797603568	3.711024117	17.46282909	3.077612711	3.214607286	2.980419434	2.970151511	7.586626391	12.18153521	10.90949128	3.193556012	3.393302226	3.472419905	10.37000482
7.312215806	13.09061114	12.39611633	10.2403955	5.568527633	1.259364919	0	7.385045701	4.896549806	2.750654468	18.46883862	2.020618717	2.256213642	2.252043516	3.170015773	6.518136237	11.25483896	10.16075785	2.071714266	2.174787346	2.248755211	9.488150505
0.720277724	6.06684432	5.749434755	2.961418579	10.69259557	8.250096969	7.385045701	0	11.93145842	8.24224484	25.69038925	5.394311819	5.128840025	5.270009488	6.447891128	2.039607805	3.961224558	2.932319901	7.464804083	6.889136375	6.832759325	2.120589541
11.70822361	17.13061879	16.23383196	14.87485462	7.882645495	4.797603568	4.896549806	11.93145842	0	3.95045567	15.2085042	6.631628759	6.967704069	7.119220463	7.758608123	10.62584114	15.57970475	14.81990553	4.53927307	5.129571132	5.201586297	13.94873471
7.931065502	13.19734822	12.28515364	11.20325845	8.089264491	3.711024117	2.750654468	8.24224484	3.95045567	0	18.95615204	3.408284026	3.796103265	4.229657197	5.820249136	6.756937176	11.72188125	11.17179037	0.896270049	1.384052022	1.425622671	10.16858397
25.7208573	31.55360043	30.85694897	28.33057183	15.96316071	17.46282909	18.46883862	25.69038925	15.2085042	18.95615204	0	20.47993408	20.66394202	20.43010768	19.5389099	24.9862222	29.63823544	28.21000177	19.27947095	19.82100149	19.90772965	27.80994426
5.294997639	11.07476411	10.40212478	8.290006031	6.779985251	3.077612711	2.020618717	5.394311819	6.631628759	3.408284026	20.47993408	0	0.388329757	0.960832972	3.088122407	4.518517456	9.237819007	8.222000973	2.512866889	2.102379604	2.102379604	7.484310255
5.070798754	10.89295185	10.25714385	7.996561761	6.704103221	3.214607286	2.256213642	5.128840025	6.967704069	3.796103265	20.66394202	0.388329757	0	0.664830806	2.852455083	4.380433768	9.010199776	7.922505917	2.900431002	2.488453335	2.486523678	7.233291091
5.300509409	11.17157106	10.59834893	8.04767047	6.138224499	2.980419434	2.252043516	5.270009488	7.119220463	4.229657197	20.43010768	0.960832972	0.664830806	0	2.191551962	4.763884969	9.208284314	7.957719523	3.338397819	2.99879976	3.010514906	7.390243568
6.691225598	12.51380438	12.11217982	8.833623266	4.281179744	2.970151511	3.170015773	6.447891128	7.758608123	5.820249136	19.5389099	3.088122407	2.852455083	2.191551962	0	6.514176847	10.37119087	8.700712614	5.00649578	4.842984617	4.880829847	8.498470451
1.412090649	6.59334513	5.883672323	4.720550815	10.76730235	7.586626391	6.518136237	2.039607805	10.62584114	6.756937176	24.9862222	4.518517456	4.380433768	4.763884969	6.514176847	0	4.965168678	4.746209014	6.086583607	5.496271463	5.424850228	3.493436703
3.942854296	2.322606295	2.65	2.21054292	14.56861352	12.18153521	11.25483896	3.961224558	15.57970475	11.72188125	29.63823544	9.237819007	9.010199776	9.208284314	10.37119087	4.965168678	0	2.418594633	11.04294345	10.45283215	10.38341466	1.873606149
3.358407361	4.693921601	5.036198964	0.20808652	12.73042419	10.90949128	10.16075785	2.932319901	14.81990553	11.17179037	28.21000177	8.222000973	7.922505917	7.957719523	8.700712614	4.746209014	2.418594633	0	10.38496028	9.813261435	9.758652571	1.544020725
7.194616043	12.61004758	11.75061275	10.42472542	7.590948557	3.193556012	2.071714266	7.464804083	4.53927307	0.896270049	19.27947095	2.512866889	2.900431002	3.338397819	5.00649578	6.086583607	11.04294345	10.38496028	0	0.590338886	0.66370174	9.437001642
6.60916031	12.02404258	11.1723677	9.850167511	7.74303558	3.393302226	2.174787346	6.889136375	5.129571132	1.384052022	19.82100149	2.102379604	2.488453335	2.99879976	4.842984617	5.496271463	10.45283215	9.813261435	0.590338886	0	0.089442719	8.851310637
6.546220283	11.94681548	11.09162747	9.794090055	7.815894063	3.472419905	2.248755211	6.832759325	5.201586297	1.425622671	19.90772965	2.102379604	2.486523678	3.010514906	4.880829847	5.424850228	10.38341466	9.758652571	0.66370174	0.089442719	0	8.787997497
2.242431716	4.109513353	4.069115383	1.424675402	12.69679093	10.37000482	9.488150505	2.120589541	13.94873471	10.16858397	27.80994426	7.484310255	7.233291091	7.390243568	8.498470451	3.493436703	1.873606149	1.544020725	9.437001642	8.851310637	8.787997497	0