16
0	5.882329471	5.421475814	3.348193543	10.96685917	8.258044563	7.312215806	0.720277724	11.70822361	7.931065502	25.7208573	5.294997639	5.070798754	5.300509409	6.691225598	1.412090649
5.882329471	0	1.291897829	4.48742688	16.75590045	14.10396044	13.09061114	6.06684432	17.13061879	13.19734822	31.55360043	11.07476411	10.89295185	11.17157106	12.51380438	6.59334513
5.421475814	1.291897829	0	4.83011387	16.38825189	13.46836664	12.39611633	5.749434755	16.23383196	12.28515364	30.85694897	10.40212478	10.25714385	10.59834893	12.11217982	5.883672323
3.348193543	4.48742688	4.83011387	0	12.88350884	11.00703866	10.2403955	2.961418579	14.87485462	11.20325845	28.33057183	8.290006031	7.996561761	8.04767047	8.833623266	4.720550815
10.96685917	16.75590045	16.38825189	12.88350884	0	4.401011247	5.568527633	10.69259557	7.882645495	8.089264491	15.96316071	6.779985251	6.704103221	6.138224499	4.281179744	10.76730235
8.258044563	14.10396044	13.46836664	11.00703866	4.401011247	0	1.259364919	8.250096969	4.797603568	3.711024117	17.46282909	3.077612711	3.214607286	2.980419434	2.970151511	7.586626391
7.312215806	13.09061114	12.39611633	10.2403955	5.568527633	1.259364919	0	7.385045701	4.896549806	2.750654468	18.46883862	2.020618717	2.256213642	2.252043516	3.170015773	6.518136237
0.720277724	6.06684432	5.749434755	2.961418579	10.69259557	8.250096969	7.385045701	0	11.93145842	8.24224484	25.69038925	5.394311819	5.128840025	5.270009488	6.447891128	2.039607805
11.70822361	17.13061879	16.23383196	14.87485462	7.882645495	4.797603568	4.896549806	11.93145842	0	3.95045567	15.2085042	6.631628759	6.967704069	7.119220463	7.758608123	10.62584114
7.931065502	13.19734822	12.28515364	11.20325845	8.089264491	3.711024117	2.750654468	8.24224484	3.95045567	0	18.95615204	3.408284026	3.796103265	4.229657197	5.820249136	6.756937176
25.7208573	31.55360043	30.85694897	28.33057183	15.96316071	17.46282909	18.46883862	25.69038925	15.2085042	18.95615204	0	20.47993408	20.66394202	20.43010768	19.5389099	24.9862222
5.294997639	11.07476411	10.40212478	8.290006031	6.779985251	3.077612711	2.020618717	5.394311819	6.631628759	3.408284026	20.47993408	0	0.388329757	0.960832972	3.088122407	4.518517456
5.070798754	10.89295185	10.25714385	7.996561761	6.704103221	3.214607286	2.256213642	5.128840025	6.967704069	3.796103265	20.66394202	0.388329757	0	0.664830806	2.852455083	4.380433768
5.300509409	11.17157106	10.59834893	8.04767047	6.138224499	2.980419434	2.252043516	5.270009488	7.119220463	4.229657197	20.43010768	0.960832972	0.664830806	0	2.191551962	4.763884969
6.691225598	12.51380438	12.11217982	8.833623266	4.281179744	2.970151511	3.170015773	6.447891128	7.758608123	5.820249136	19.5389099	3.088122407	2.852455083	2.191551962	0	6.514176847
1.412090649	6.59334513	5.883672323	4.720550815	10.76730235	7.586626391	6.518136237	2.039607805	10.62584114	6.756937176	24.9862222	4.518517456	4.380433768	4.763884969	6.514176847	0